 0.0019165548047057
 0.0004819916026150
 0.0001207356220168
 0.0000302191693862
 0.0000075231095193
 0.0000018758183846
 0.0038531709777020
 0.0009732192192601
 0.0002439303193831
 0.0000609753431332
 0.0000152579575626
 0.0000038114117197
 0.0019170428038694
 0.0004820356649003
 0.0001201901737138
 0.0000302350198984
 0.0000075446361872
 0.0000018832288954
 0.0000004723822417
 0.0038532089972654
 0.0009732301511840
 0.0002439056069468
 0.0000610020030339
 0.0000152162382590
 0.0000038127813822
 0.0000009531785775
 0.1201424042228054
 0.0370497310701317
 0.0103789054401755
 0.0026570902069243
 0.0006939013860530
 0.0001688415584313
 0.0000451368502712
 0.0019169387527221
 0.0004819568541431
 0.0001204554630742
 0.0000301426729126
 0.0000075169492827
 0.0000018870594383
 0.0000004717828304
 0.0038531352695721
 0.0009732290678151
 0.0002439316922930
 0.0000609964948143
 0.0000152409409880
 0.0000038142924813
 0.0000009530872503
 0.1201654970749870
 0.0370503628711112
 0.0103811373229719
 0.0027522394214943
 0.0007081782765606
 0.0001685125955726
 0.0000432999640090
 0.0019166537560624
 0.0004820262829548
 0.0001207538190565
 0.0000300523190910
 0.0000075484014970
 0.0000018888722749
 0.0000004718448391
 0.0038532101100636
 0.0009732303753128
 0.0002438919463633
 0.0000609327227241
 0.0000152352541928
 0.0000038145904042
 0.0000009521683121
 0.1201596153337308
 0.0370313396404596
 0.0103755445047313
 0.0027538193749530
 0.0007095642348260
 0.0001781358115798
 0.0000427666953020
 0.0019170403631432
 0.0004819287742642
 0.0001207196167925
 0.0000301606714600
 0.0000075400760055
 0.0000018851247600
 0.0000004724044899
 0.0038531780387994
 0.0009730738329210
 0.0002439320976826
 0.0000610115601216
 0.0000152577904825
 0.0000038138804406
 0.0000009530379500
 0.1201653276112213
 0.0370512847462265
 0.0103698868100430
 0.0027527774665437
 0.0006494179538175
 0.0001724887380967
 0.0000439647608603
 0.0019156725582697
 0.0004820388159974
 0.0001208051432108
 0.0000300872072397
 0.0000075572867180
 0.0000018901323758
 0.0000004708217203
 0.0038532101035281
 0.0009731910812396
 0.0002438943064735
 0.0000609833613232
 0.0000152044749411
 0.0000038125278531
 0.0000009530003544
 0.1201508822842450
 0.0370099551029748
 0.0103676716034258
 0.0026941150570630
 0.0007093406787182
 0.0001703104022144
 0.0000453708673951
 0.0019170454397248
 0.0004819674953200
 0.0001207722933658
 0.0000302165105420
 0.0000075176955698
 0.0000018828967211
 0.0000004717021697
 0.0038532061819379
 0.0009731960825707
 0.0002439237897935
 0.0000607998788327
 0.0000152226195990
 0.0000038080452450
 0.0000009534759888
 0.1201654977738453
 0.0370471723517580
 0.0103806617561495
 0.0027523616947991
 0.0007048979704360
 0.0001726928235839
 0.0000413215843684
 0.0019169747057038
 0.0004817072711782
 0.0001207976956759
 0.0000302350640753
 0.0000075469916395
 0.0000018891398129
 0.0000004722529944
 0.0038530321640815
 0.0009731663088947
 0.0002439080361001
 0.0000610058370339
 0.0000152143604258
 0.0000038125483062
 0.0000009489146239
 0.1201630421087843
 0.0370510204593333
 0.0102672242601223
 0.0027548450976078
 0.0007068137266550
 0.0001776944450755
 0.0000435294162280
